

Run time=743.6886515617371
n=5,ncutoff=6,kT_num=8,sample_num=8
[ 50.          55.20447568  60.95068271  67.29500963  74.29971446
  82.0335356   90.57236643 100.        ]
[ -70988.33885024  -78375.36847732  -86531.30608958  -95536.7288834
 -105480.26124473 -116457.37149687 -128578.98662914 -141961.69964487]
[ 14.98793073  26.40493471  26.90568959  28.1248439  -33.01640186
  37.5886388   11.30659459  10.46776037]
[ 3.45357115e+04 -2.65442070e+04  2.57667614e+04 -1.21405476e+04
 -2.19844196e+05 -6.84043015e+06  1.01122716e+03  1.02506009e+03]
 
Run time=4418.668046236038
n=5,ncutoff=6,kT_num=12,sample_num=32
[ 5.          5.32520545  5.67156261  6.04044722  6.43332449  6.85175492
  7.29740053  7.77203141  8.2775328   8.81591255  9.38930911 10.        ]
[ -7196.08262692  -7653.73153668  -8140.87925163  -8658.8439894
  -9207.92044118  -9801.27161147 -10429.18763897 -11098.00352885
 -11812.42836762 -12572.64810289 -13382.96115051 -14246.71026349]
[ 205.41547152  186.70675135 -863.83372523  167.69445404  160.61380996
  149.34571271  140.03060894  132.03799418  123.85999498  115.79909202
  108.55146659  102.21601543]
[ 9.94049973e+02 -1.29012853e+05  3.48083491e+06  9.76854246e+02
  9.83171867e+02  1.01157098e+03  1.01163161e+03  1.00934669e+03
  1.01659650e+03  1.01335294e+03  1.01255241e+03 -1.95223304e+03]
  
Run time=4552.91246843338
n=5,ncutoff=6,kT_num=12,sample_num=32
[2.5        2.66260272 2.83578131 3.02022361 3.21666225 3.42587746
 3.64870026 3.8860157  4.1387664  4.40795627 4.69465455 5.        ]
[-3747.40458987 -3964.95491282 -4199.08104987 -4453.16521504
 -4721.92768606 -5010.1895424  -5315.82896876 -5645.21510588
 -5998.05468099 -6372.75470767 -6770.9738971  -7198.99122916]
[395.18532079 373.13926817 354.91393408 330.3746246  316.17455071
 291.04022367 277.46384788 276.07492424 244.13929958 229.48704591
 216.30016958 206.25649295]
[ 845.30732288  877.20082133  743.89617224  945.11706834  958.18785321
  956.11880163  965.40016356 5259.91632243  974.20879202  985.92580626
  983.64324425 1014.01732451]
  
Run time=3165.1661760807037
n=5,ncutoff=6,kT_num=8,sample_num=32
[1.         1.10408951 1.21901365 1.34590019 1.48599429 1.64067071
 1.81144733 2.        ]
[-1880.84774161 -1991.15277845 -2120.2639115  -2268.55716607
 -2436.03896864 -2627.37524429 -2842.8811022  -3088.16566944]
[846.97851256 781.83269718 729.95951732 677.20971823 626.52432174
 562.24609739 515.20258819 484.40641659]
[  -24.16336555   602.31854988   505.41863483   731.95649269
  1177.42034947  8362.60666388 -1878.05271763   860.21971421]
