Run time=6269.8023002147675
n=6,ncutoff=6,kT_num=16,sample_num=24
[1.         1.07598962 1.15775367 1.24573094 1.34039357 1.44224957
 1.55184557 1.66976974 1.79665491 1.93318204 2.08008382 2.23814861
 2.40822469 2.59122478 2.78813097 3.        ]
[0.02144448 0.01878171 0.01622634 0.01446241 0.01271795 0.01022605
 0.01167815 0.00918182 0.00671054 0.00586999 0.00501756 0.00432577
 0.00373563 0.00322228 0.00279003 0.00240724]

[1.96278721 1.81446121 1.70676896 1.58262824 1.4953723  1.36812892
 1.23931769 1.17551315 1.11162262 0.99405115 0.95579973 0.85752619
 0.82795    0.77028091 0.71771203 0.66497833]

Run time=2899.003595352173
n=6,ncutoff=6,kT_num=16,sample_num=12
[ 3.          3.25072205  3.52239796  3.81677891  4.13576246  4.48140475
  4.85593375  5.26176364  5.70151037  6.17800851  6.6943295   7.25380152
  7.86003086  8.51692522  9.22871888 10.        ]
[0.00239316 0.00204296 0.00173968 0.0014846  0.0012643  0.00107434
 0.00091749 0.00078306 0.00066623 0.00056737 0.00048353 0.00041174
 0.00035049 0.00029885 0.00025389 0.00021645]

[0.66272344 0.61497728 0.5679887  0.52214395 0.48242339 0.44441387
 0.41180844 0.3785229  0.34996239 0.32393113 0.29927806 0.27576638
 0.25429195 0.2350824  0.21680373 0.19979695]
