[-2.08394518e-05 -2.91295854e-06  2.87564999e-05  7.42703857e-05
  1.25923131e-04  1.71931434e-04  2.03510791e-04  2.09809377e-04
  1.47545012e-04 -1.72408047e-04 -9.96095393e-04 -3.58114178e-04
 -1.12286091e-04 -3.29920782e-05 -9.04065910e-06 -2.45817102e-06
 -6.74507396e-07 -1.85752421e-07 -5.14850900e-08 -1.48217025e-08
 -4.77130639e-09 -1.78028836e-09 -8.73203527e-10  4.49992807e-10
  2.16807065e-10 -9.20230111e-11 -5.49627678e-10 -4.77232443e-10
  1.69879724e-11 -4.43323208e-10 -1.61048325e-10 -9.51016970e-11
  7.11834181e-12  9.73179923e-11 -1.85722587e-10 -2.32616856e-10
 -8.12900735e-11  6.92123492e-11 -2.35453188e-10  9.21761981e-11
  8.39985047e-11 -1.55632435e-10 -1.25881530e-10  1.10385199e-10
 -3.59433885e-11 -3.04052962e-11 -1.14591109e-10 -3.43233857e-11
  8.08716407e-11 -3.80549680e-11 -3.40208970e-11  1.29025305e-11
  5.45398922e-11 -4.22906624e-11  1.07497565e-11 -4.00537244e-12
  6.82613475e-12  4.54067340e-11  4.00330687e-11 -2.58388289e-11
  1.69348267e-11 -3.82840740e-11  2.32027057e-11  1.55804675e-14][-2.08394518e-05 -2.91295854e-06  2.87564999e-05  7.42703857e-05
  1.25923131e-04  1.71931434e-04  2.03510791e-04  2.09809377e-04
  1.47545012e-04 -1.72408047e-04 -9.96095393e-04 -3.58114178e-04
 -1.12286091e-04 -3.29920782e-05 -9.04065910e-06 -2.45817102e-06
 -6.74507396e-07 -1.85752421e-07 -5.14850900e-08 -1.48217025e-08
 -4.77130639e-09 -1.78028836e-09 -8.73203527e-10  4.49992807e-10
  2.16807065e-10 -9.20230111e-11 -5.49627678e-10 -4.77232443e-10
  1.69879724e-11 -4.43323208e-10 -1.61048325e-10 -9.51016970e-11
  7.11834181e-12  9.73179923e-11 -1.85722587e-10 -2.32616856e-10
 -8.12900735e-11  6.92123492e-11 -2.35453188e-10  9.21761981e-11
  8.39985047e-11 -1.55632435e-10 -1.25881530e-10  1.10385199e-10
 -3.59433885e-11 -3.04052962e-11 -1.14591109e-10 -3.43233857e-11
  8.08716407e-11 -3.80549680e-11 -3.40208970e-11  1.29025305e-11
  5.45398922e-11 -4.22906624e-11  1.07497565e-11 -4.00537244e-12
  6.82613475e-12  4.54067340e-11  4.00330687e-11 -2.58388289e-11
  1.69348267e-11 -3.82840740e-11  2.32027057e-11  1.55804675e-14]