Run time=72.97703886032104
n=5,ncutoff=4,kT_num=64,sample_num=1
[  1.           1.08278226   1.17241742   1.26947278   1.3745626
   1.488352     1.61156114   1.74496981   1.88942235   2.045833
   2.21519168   2.39857025   2.59712931   2.81212554   3.04491964
   3.29698496   3.56991682   3.8654426    4.18543267   4.53191224
   4.90707417   5.31329285   5.75313923   6.22939708   6.74508064
   7.30345365   7.90805004   8.56269628   9.27153561  10.03905427
  10.87010985  11.76996209  12.74430613  13.79930857  14.9416465
  16.17854974  17.51784662  18.96801352  20.53822852  22.23842945
  24.07937686  26.07272206  28.23108087  30.56811349  33.09861096
  35.83858872  38.80538803  42.01778568  45.49611286  49.26238383
  53.34043521  57.75607689  62.53725536  67.71423059  73.31976751
  79.38934344  85.96137257  93.07744911 100.78261054 109.12562264
 118.15928811 127.94078082 138.53200757 150.        ]
[  -4096.62791176   -4097.43168576   -4098.91638846   -4101.52259361
   -4105.91211754   -4113.10511412   -4124.68845627   -4143.07136185
   -4171.8220176    -4216.08901462   -4285.42772621   -4414.00436877
   -4591.81584719   -4808.85848187   -5063.00278286   -5353.87082853
   -5682.016233     -6048.62926771   -6455.4011267    -6904.44999609
   -7398.2812243    -7939.76849348   -8532.14864251   -9179.02595313
   -9884.38345849  -10652.59982427  -11488.47093811  -12397.23570371
  -13384.60576906  -14456.79907582  -15620.5772286   -16883.28676681
  -18252.90448779  -19738.08702447  -21348.22492941  -23093.50156011
  -24984.95710293  -27034.55811337  -29255.27299199  -31661.15385758
  -34267.42532322  -37090.58072747  -40148.48642221  -43460.49477138
  -47047.56657114  -50932.40366266  -55139.59257422  -59695.76009933
  -64629.74179398  -69972.76445794  -75758.64375417  -82023.99821601
  -88808.48099614  -96155.03082342 -104110.14375561 -112724.16744737
 -122051.61979599 -132151.53398111 -143087.83208218 -154929.72963802
 -167752.173709   -181636.31721408 -196670.03254484 -212948.46770705]
[4089.47147241 4083.80339606 4074.34032687 4059.27441752 4035.80673781
 3999.2603519  3942.61283529 3856.05419889 3726.09703225 3534.23326307
 3134.02139615 2446.91891928 2103.65130722 1845.8059885  1638.15959821
 1465.25328741 1318.30385007 1191.52112068 1080.84868885  983.33795902
  896.77725015  819.46343597  750.05602346  687.48034183  630.86113862
  579.47571381  532.72003468  490.08373244  451.13133185  415.48795118
  382.82826708  352.86790156  325.35662995  300.07297323  276.81985414
  255.42107723  235.718453    217.56942886  200.84512201  185.42867319
  171.21385825  158.10390832  146.01050006  134.85288515  124.55713497
  115.05548095  106.28573512   98.19077813   90.71810483   83.81941877
   77.45026906   71.56972375   66.14007522   61.12657343   56.49718396
   52.22236788   48.27488115   44.62959139   41.26331032   38.15464035
   35.28383389   32.63266418   30.18430673   27.92323019]
[   53.34260196    99.40651277   175.33735041   297.64731456
   501.168299     845.00912231  1409.89945471  2314.95329596
  3724.64974134  6050.45082314 23931.82255421 12505.7775929
  9529.3338341   8111.63126602  7219.08228469  6585.16434366
  6110.45222488  5745.03529202  5457.65452292  5227.78757386
  5041.50160749  4888.99803359  4763.16315599  4658.68953244
  4571.52534636  4498.5176828   4437.17424837  4385.49908874
  4341.87709794  4304.98953139  4273.75194805  4247.26746991
  4224.79031133  4205.6981935   4189.46972331  4175.66708266
  4163.92167608  4153.92239322  4145.40646337  4138.1514595
  4131.96877768  4126.69875358  4122.20553143  4118.37386309
  4115.1058061   4112.31791683  4109.93928502  4107.90952275
  4106.17723093  4104.69860728  4103.43636506  4102.35866942
  4101.43838205  4100.65241946  4099.98105068  4099.40755364
  4098.91754316  4098.49877896  4098.14087258  4097.83488319
  4097.5732721   4097.34954398  4097.15815598  4096.99439135]
Run time=39.38969421386719
n=5,ncutoff=4,kT_num=8,sample_num=1
[1.5        1.65613427 1.82852048 2.01885029 2.22899143 2.46100607
 2.71717099 3.        ]
[-4114.0146677  -4130.07633067 -4158.4334283  -4207.33752551
 -4292.84623218 -4466.90490787 -4710.50082128 -5012.72566541]
[3994.73114173 3916.8874545  3785.90932133 3572.01400578 3061.34037519
 2322.41616712 1949.67243599 1673.98520578]
[  889.06298414  1674.41877844  3071.90307467  5511.71411745
 27457.54319322 11175.5838437   8632.56462809  7361.60056426]
