[-2.0003482837007107, -2.0007048932829035, -2.001366465508231, -2.0025478489100323, -2.0045874772119343, -2.0080068670030085, -2.0135982463171715, -2.022559711409533, -2.036721961364066, -2.0589922009950867, -2.094580408833749, -2.156047681930776, -2.242349366281578, -2.3481529010448137, -2.4721916778105557, -2.614201166646704, -2.7744238601389455, -2.953432808231317, -3.152051493680139, -3.3713135246219266, -3.612442021288802, -3.8768400916089245, -4.1660882079884285, -4.481946264159914, -4.826359109544431, -5.201464758422991, -5.609604953332218, -6.053337748840997, -6.535452035562804, -7.0589839268696455, -7.627234976130697, -8.243792367390444, -8.912551019365269, -9.637737803979068, -10.423937955749437, -11.276123811270477, -12.199686086406752, -13.20046782788031, -14.28480126898352, -15.459547780596482, -16.73214126969804, -18.110635123653562, -19.603753138312477, -21.220944710245412, -22.97244461564016, -24.869337726664362, -26.923629189716067, -29.148320362001446, -31.55749110778969, -34.16638889677871, -36.991525271849305, -40.05078037839438, -43.363516109031444, -46.950698646233626, -50.83503113012248, -55.04109738663159, -59.595517478103936, -64.5271161987839, -69.86710550607995, -75.64928205176915, -81.91024106746052, -88.6896080180829, -96.030289326307, -103.97874399758139][  -4096.71328502   -4097.44362144   -4098.79852136   -4101.21799457
   -4105.39515333   -4112.39806362   -4123.84920846   -4142.20228897
   -4171.20657687   -4216.81602764   -4289.70067729   -4415.58565259
   -4592.33150214   -4809.01714134   -5063.04855616   -5353.88398929
   -5682.02006556   -6048.63039126   -6455.40145906   -6904.45009843
   -7398.2812596    -7939.76850762   -8532.14864996   -9179.025949
   -9884.38345635  -10652.59982525  -11488.47094442  -12397.23570963
  -13384.60576883  -14456.79908223  -15620.57723112  -16883.28676842
  -18252.90448766  -19738.08702255  -21348.22493337  -23093.50156548
  -24984.95710496  -27034.5581115   -29255.27299888  -31661.15385466
  -34267.42532034  -37090.58073324  -40148.48642726  -43460.49476658
  -47047.56657283  -50932.40366421  -55139.59258054  -59695.76010138
  -64629.74178875  -69972.7644606   -75758.64375675  -82023.99821495
  -88808.4809913   -96155.03082749 -104110.14375449 -112724.16744782
 -122051.61979516 -132151.53397511 -143087.83207645 -154929.72964202
 -167752.17370616 -181636.31722103 -196670.03254028 -212948.46770705][  -4096.71328502   -4097.44362144   -4098.79852136   -4101.21799457
   -4105.39515333   -4112.39806362   -4123.84920846   -4142.20228897
   -4171.20657687   -4216.81602764   -4289.70067729   -4415.58565259
   -4592.33150214   -4809.01714134   -5063.04855616   -5353.88398929
   -5682.02006556   -6048.63039126   -6455.40145906   -6904.45009843
   -7398.2812596    -7939.76850762   -8532.14864996   -9179.025949
   -9884.38345635  -10652.59982525  -11488.47094442  -12397.23570963
  -13384.60576883  -14456.79908223  -15620.57723112  -16883.28676842
  -18252.90448766  -19738.08702255  -21348.22493337  -23093.50156548
  -24984.95710496  -27034.5581115   -29255.27299888  -31661.15385466
  -34267.42532034  -37090.58073324  -40148.48642726  -43460.49476658
  -47047.56657283  -50932.40366421  -55139.59258054  -59695.76010138
  -64629.74178875  -69972.7644606   -75758.64375675  -82023.99821495
  -88808.4809913   -96155.03082749 -104110.14375449 -112724.16744782
 -122051.61979516 -132151.53397511 -143087.83207645 -154929.72964202
 -167752.17370616 -181636.31722103 -196670.03254028 -212948.46770705]