Run time=5477.174850940704
n=6,ncutoff=6,kT_num=16,sample_num=24
[1.         1.07598962 1.15775367 1.24573094 1.34039357 1.44224957
 1.55184557 1.66976974 1.79665491 1.93318204 2.08008382 2.23814861
 2.40822469 2.59122478 2.78813097 3.        ]
 
[0.01620338 0.01368484 0.01505095 0.01276661 0.01096017 0.01008496
 0.00888091 0.00756903 0.00654567 0.00564546 0.00491486 0.0042686
 0.00371405 0.00320226 0.00278751 0.00238177]

[3.16818374 1.41299407 2.10708267 0.87137931 1.64279659 1.37346566
 1.24300396 1.21554734 1.090513   1.03205266 0.93381154 0.89597095
 0.82571564 0.77163071 0.71358887 0.66127225]


Run time=2698.0065925121307
n=6,ncutoff=6,kT_num=16,sample_num=12
[ 3.          3.25072205  3.52239796  3.81677891  4.13576246  4.48140475
  4.85593375  5.26176364  5.70151037  6.17800851  6.6943295   7.25380152
  7.86003086  8.51692522  9.22871888 10.        ]

[0.00237524 0.00203877 0.00172565 0.00147957 0.00126624 0.00107706
 0.00091886 0.00077925 0.00066527 0.00056672 0.0004832  0.00041123
 0.00035203 0.00029837 0.0002544  0.0002165 ]

[0.6637157  0.60954835 0.56173734 0.52122078 0.48340308 0.44554547
 0.41187144 0.37848301 0.35012734 0.3231882  0.29858458 0.27532488
 0.25540786 0.23457191 0.21671594 0.19984912]

