Run time=41.80548548698425
n=5,ncutoff=6,kT_num=1,sample_num=3
[100.]
[-141961.68553149]
[10.44376974]
[1028.23485122]
Run time=4625.7644720077515
n=5,ncutoff=6,kT_num=30,sample_num=16
[ 10.          10.82636734  11.72102298  12.68961003  13.73823796
  14.87352107  16.10262028  17.43328822  18.87391822  20.43359718
  22.12216291  23.9502662   25.92943797  28.07216204  30.39195382
  32.90344562  35.6224789   38.56620421  41.75318937  45.20353656
  48.93900918  52.98316906  57.3615251   62.10169419  67.23357536
  72.78953844  78.80462816  85.31678524  92.36708572 100.        ]
[ -14246.35416165  -15416.15087257  -16682.28137392  -18053.86068976
  -19539.45884911  -21148.3087994   -22890.37920416  -24777.04355161
  -26819.74482633  -29032.1160469   -31427.06914281  -34020.09669654
  -36828.16517723  -39868.48733486  -43160.03593357  -46724.09027111
  -50582.61969226  -54716.57594559  -59283.50609245  -64180.54026227
  -69482.70132638  -75222.55146086  -81437.27344939  -88165.38067002
  -95449.76424658 -103336.24922901 -111874.52844482 -121117.43779838
 -131126.36919069 -141961.05345716]

[101.48616002  94.95439481  87.14810402  80.48697828  74.47416723
  67.79096212  63.52541144  59.02970723  54.1790032   50.75527339
  46.61171152  42.19485374  39.71556806  36.70497183  43.42550932
  31.29430177  28.57155638   9.8729067   32.94045877  22.63324165
  21.3155504   14.01988877   4.77160352  16.90348209  17.93972381
  15.07552288  15.84900152 -28.54811788  17.51196607 -12.929379  ]

[  1009.19109814   1021.05311789   1018.79898311   1018.07976828
   1017.88107116   -446.08403442   1018.03424065   1024.92066263
   1019.21212755   1034.2595726    1028.23619493  13095.65976126
   1029.26493639   1026.70290229 -30546.2413348    1023.3164403
   1016.9214903  175450.69975979 -64376.92481174   1022.12118868
   1035.47444641 -43484.16984546  28355.77993826   2742.57919541
 -46756.94040183 -25289.18717278  25241.92296281 259654.74248264
 -45967.17401629 139113.5475062 ]
