Run time=113.00183153152466
n=6,ncutoff=4,kT_num=48,sample_num=1
[ 1.          1.05429295  1.11153363  1.17188207  1.23550701  1.30258633
  1.37330758  1.44786851  1.52647756  1.60935453  1.69673114  1.78885168
  1.88597372  1.9883688   2.09632321  2.21013879  2.33013375  2.45664359
  2.59002202  2.73064196  2.87889657  3.03520036  3.19999035  3.37372727
  3.55689688  3.75001131  3.95361049  4.16826368  4.39457102  4.63316525
  4.88471346  5.14991898  5.42952328  5.72430812  6.03509771  6.36276098
  6.70821405  7.07242279  7.4564055   7.86123576  8.28804546  8.73802791
  9.21244123  9.71261186 10.23993823 10.7958947  11.38203569 12.        ]
[[0.99840086]
 [0.99756362]
 [0.99637099]
 [0.99471308]
 [0.99245516]
 [0.98941796]
 [0.98534508]
 [0.97987601]
 [0.97253789]
 [0.96273948]
 [0.94974543]
 [0.93263833]
 [0.91031301]
 [0.8814845 ]
 [0.8430127 ]
 [0.77074152]
 [0.63662962]
 [0.56826375]
 [0.51547413]
 [0.47168549]
 [0.43417075]
 [0.40138672]
 [0.37236086]
 [0.34641795]
 [0.32305346]
 [0.30187657]
 [0.28257846]
 [0.26491117]
 [0.24867256]
 [0.23369562]
 [0.21984075]
 [0.20698995]
 [0.19504262]
 [0.18391223]
 [0.17352382]
 [0.163812  ]
 [0.15471936]
 [0.14619523]
 [0.13819465]
 [0.13067752]
 [0.12360792]
 [0.11695354]
 [0.11068517]
 [0.10477635]
 [0.09920301]
 [0.09394315]
 [0.08897665]
 [0.08428504]]
[[0.49919442]
 [0.49876704]
 [0.49815353]
 [0.49729272]
 [0.49610749]
 [0.49449333]
 [0.49229988]
 [0.48931408]
 [0.48525136]
 [0.47974616]
 [0.4723308 ]
 [0.46240793]
 [0.44924538]
 [0.43197639]
 [0.40840106]
 [0.36147633]
 [0.2708558 ]
 [0.2272327 ]
 [0.19481814]
 [0.168876  ]
 [0.1474262 ]
 [0.1293392 ]
 [0.11389913]
 [0.10060731]
 [0.0890899 ]
 [0.0790563 ]
 [0.07027623]
 [0.06256441]
 [0.05576968]
 [0.04976714]
 [0.04445253]
 [0.03973795]
 [0.03554873]
 [0.03182099]
 [0.02849976]
 [0.02553748]
 [0.02289284]
 [0.0205298 ]
 [0.01841681]
 [0.01652618]
 [0.01483354]
 [0.01331736]
 [0.01195864]
 [0.01074053]
 [0.00964809]
 [0.00866803]
 [0.00778854]
 [0.0069991 ]]

