Run time=1852.7342944145203
n=6,ncutoff=6,kT_num=48,sample_num=1
[1.5        1.55438758 1.61074716 1.66915026 1.72967095 1.79238603
 1.85737505 1.92472047 1.99450773 2.06682536 2.14176511 2.21942206
 2.29989472 2.38328519 2.46969926 2.55924657 2.65204072 2.74819943
 2.84784471 2.95110296 3.05810519 3.16898715 3.28388951 3.40295804
 3.5263438  3.65420334 3.78669885 3.92399844 4.06627629 4.2137129
 4.36649533 4.52481741 4.68887998 4.8588912  5.03506675 5.21763014
 5.40681299 5.6028553  5.80600579 6.01652219 6.23467157 6.4607307
 6.69498636 6.93773576 7.18928686 7.4499588  7.72008228 8.        ]
[9.87567437e-01 9.84496231e-01 9.80674738e-01 9.75897560e-01
 9.69890636e-01 9.62302995e-01 9.54371051e-01 9.59524436e-01
 9.50732423e-01 9.41203838e-01 8.87531404e-01 8.44912522e-01
 7.26420842e-01 4.21828530e-01 2.46801996e-01 1.38039003e-01
 8.64106897e-02 5.87425731e-02 4.21411854e-02 3.14777736e-02
 2.42465486e-02 1.91327490e-02 1.53923118e-02 1.25791237e-02
 1.03808172e-02 8.80545148e-03 7.39199369e-03 6.29671933e-03
 5.40562296e-03 4.67064867e-03 4.05836390e-03 3.54395758e-03
 3.10856075e-03 2.73758990e-03 2.41962566e-03 2.14562462e-03
 1.90835247e-03 1.70196911e-03 1.52172074e-03 1.36370825e-03
 1.22471116e-03 1.10205226e-03 9.93492660e-04 8.97149595e-04
 8.11431649e-04 7.34987102e-04 6.66662745e-04 6.05470473e-04]

[-1.31084552e-01 -1.65988141e-01 -1.83679433e-01 -1.70839783e-01
 -1.18485683e-01 -5.26262742e-02 -1.92485934e+00 -2.21286745e+01
 -2.70181761e+01 -4.22970415e+01 -4.52028592e+00 -1.20171868e+01
  9.24393029e+00  1.12157692e+02  4.77179652e+01  3.13899923e+01
  2.08744058e+01  1.47880365e+01  1.10312301e+01  8.55470586e+00
  6.83516383e+00  5.59206667e+00  4.66335976e+00  3.94995922e+00
  3.38523049e+00  2.96654413e+00  2.58348036e+00  2.28059261e+00
  2.02888384e+00  1.81661612e+00  1.63572199e+00  1.48019268e+00
  1.34542485e+00  1.22782992e+00  1.12457207e+00  1.03338427e+00
  9.52435183e-01  8.80231907e-01  8.15546734e-01  7.57362408e-01
  7.04829727e-01  6.57235465e-01  6.13976289e-01  5.74539720e-01
  5.38487023e-01  5.05441850e-01  4.75078855e-01  4.47116602e-01]

Run time=342.49899911880493
n=6,ncutoff=6,kT_num=10,sample_num=1
[1.         1.08005974 1.16652904 1.25992105 1.36079    1.46973449
 1.58740105 1.71448797 1.85174942 2.        ]
[0.99931036 0.99870943 0.99767956 0.99598364 0.99328432 0.98904987
 0.98234388 0.97151028 0.95443667 0.95128161]

[ 2.88889265e-03  7.19443043e-03  8.58821486e-03  6.02745613e-04
 -3.41601934e-02 -1.08242398e-01 -1.79381403e-01 -1.35071177e-01
 -9.75607218e-01 -2.98995444e+01]

Run time=1515.4249339103699
n=6,ncutoff=7,kT_num=10,sample_num=1
[0.5        0.58326452 0.680395   0.79370053 0.92587471 1.08005974
 1.25992105 1.46973449 1.71448797 2.        ]
[0.99999979 0.99999792 0.9999849  0.99991688 0.99963637 0.99868197
 0.99589819 0.98862963 0.97961886 0.93227802]

[ 5.10391729e-07  1.38050609e-05  8.91331271e-05  4.16846877e-04
  1.64188775e-03  4.98637615e-03  8.33059797e-03 -1.31863460e-02
 -2.11551767e+01 -1.08933185e+01]

