Run time=470.9865906238556
n=5,ncutoff=6,kT_num=32,sample_num=1
[1.5        1.54156371 1.58427911 1.62817813 1.67329354 1.71965907
 1.76730934 1.81627996 1.86660752 1.9183296  1.97148487 2.02611302
 2.08225487 2.13995236 2.1992486  2.26018788 2.32281574 2.38717897
 2.45332565 2.52130519 2.59116839 2.66296743 2.73675597 2.81258913
 2.89052355 2.97061747 3.05293073 3.13752481 3.22446292 3.31381002
 3.40563284 3.5       ]
[-4114.05331085 -4117.53957829 -4121.65712231 -4126.50623787
 -4132.20078387 -4138.87043614 -4146.66392753 -4155.75341547
 -4166.33953832 -4178.65645665 -4192.97815002 -4209.63386983
 -4229.04659872 -4251.81214231 -4279.06902369 -4313.29926529
 -4355.90910378 -4405.48026637 -4460.85784734 -4521.33577964
 -4586.51487806 -4656.3332309  -4730.68070647 -4809.47188841
 -4892.6512189  -4980.18447356 -5072.05556395 -5168.26367201
 -5268.82097752 -5373.75090849 -5483.08678683 -5596.87078182]
[3996.98399111 3979.06743847 3958.34115022 3934.44188024 3906.95128243
 3875.36849545 3839.0721197  3797.28723299 3749.08006469 3693.36441941
 3628.77447081 3553.09239931 3462.2747618  3347.52745692 3173.99778007
 2904.24771458 2661.36608387 2480.34945869 2339.32358467 2223.74761537
 2116.96742509 2018.82669682 1929.26753217 1846.61179031 1769.97046328
 1698.58665488 1631.83627606 1569.2045795  1510.26272227 1454.6492672
 1402.05611064 1352.21784511]
[  911.7990885   1086.00979729  1288.96499518  1525.39178089
  1801.69695341  2126.99114854  2513.78114626  2977.22626783
  3533.20920112  4200.41674261  5020.27664879  6102.12409811
  7643.34727137 10484.23619068 18110.77088405 23325.78958431
 17402.1555722  13993.3120181  12144.99786784 10371.89933868
  8825.50129973  8600  8408.45968873  8183.96749764
  7816.92656346  7497.99951336  7218.57234112  6971.68650277
  6751.91795381  6554.96696709  6377.48610188  6216.7604483 ]
