
Run time=12206.287195444107
\pm J random coupling
n=5,ncutoff=6,kT_num=70,loop_num=16
[  8.           8.55215364   9.14241648   9.77341879  10.44797238
  11.16908313  11.93996436  12.7640512   13.64501587  14.58678401
  15.59355224  16.66980681  17.82034362  19.05028956  20.36512539
  21.77071015  23.27330724  24.8796124   26.59678346  28.4324723
  30.39485892  32.49268791  34.73530738  37.13271067  39.69558082
  42.43533824  45.36419153  48.49519195  51.84229152  55.42040525
  59.24547754  63.33455327  67.70585376  72.37885794  77.37438914
  82.71470794  88.42361129  94.52653861 101.05068512 108.02512303
 115.4809311  123.45133311 131.97184593 141.08043776 150.81769736
 161.22701488 172.3547752  184.2505647  196.96739212 210.56192486
 225.09474143 240.63060144 257.23873416 274.99314698 293.97295526
 314.26273481 335.9528988  359.14010066 383.92766475 410.42604679
 438.75332609 469.03573167 501.4082048  536.01500028 573.01032926
 612.55904641 654.83738457 700.03373999 748.34951192 800.        ]

[  -11611.84054507   -12379.25118161   -13201.77268462   -14083.14372934
   -15027.27116261   -16038.34075127   -17120.86804922   -18279.67166788
   -19519.9420501    -20847.17290098   -22267.29982331   -23786.65312476
   -25412.00034016   -27150.58295771   -29010.14595683   -30998.98035475
   -33125.9455048    -35400.5286884    -37832.8557837    -40433.76809074
   -43214.85546619   -46188.51329803   -49367.99234554   -52767.45778704
   -56402.05977878   -60287.99501833   -64442.57889015   -68884.32533174
   -73633.0261409    -78709.84255788   -84137.39759392   -89939.87664371
   -96143.13629938  -102774.81876859  -109864.4754239   -117443.69869528
  -125546.26205305  -134208.2714571   -143468.32547506  -153367.68799522
  -163950.47138526  -175263.83357109  -187358.18794809  -200287.42809516
  -214109.16793906  -228884.99850067  -244680.76222765  -261566.84655193
  -279618.49746567  -298916.15482313  -319545.81081525  -341599.39313341
  -365175.17463728  -390378.21122305  -417320.81001234  -446123.02977009
  -476913.21590875  -509828.57240833  -545015.7732073   -582631.61579828
  -622843.71993139  -665831.27454319  -711785.83623843  -760912.18288739
  -813429.22613392  -869570.98688587  -929587.63813432  -993746.61974969
 -1062333.83021702 -1135654.90062856]

[509.95398134 477.37058073 446.7103608  418.11225112 391.36742677
 366.30389213 342.81283283 320.78888666 300.23921912 280.93299678
 262.87746703 245.99079654 230.19468917 215.40950673 201.55998205
 188.60459132 176.47255236 165.14685538 154.5372248  144.60773198
 135.31331462 126.62314111 118.4974656  110.88931058 103.77169152
  97.11489984  90.88680082  85.06229791  79.61132323  74.51193795
  69.74231887  65.28002555  61.10594921  57.2010757   53.54788184
  50.13109462  46.93440937  43.94429001  41.14672705  38.53013497
  36.08232683  33.7925725   31.65060303  29.64683687  27.77240053
  26.01912054  24.37896024  22.84468701  21.40948093  20.06692501
  18.81102375  17.63619729  16.53723741  15.50922828  14.54757779
  13.64801974  12.80653754  12.01937958  11.28304234  10.59424123
   9.94991413   9.34719022   8.7833756    8.2559638    7.76260095
   7.30109359   6.86937967   6.46554      6.08777191   5.73439501]
   
[3655.74649363 4041.68964441 4045.24861782 4050.97889503 4056.99430388
 4062.73787582 4066.5612706  4069.02981085 4073.93311627 4075.44997627
 4077.52020285 4079.54335534 4082.04548342 4084.12268627 4085.14305532
 4086.30394715 4086.67091247 4088.73195189 4089.70158093 4090.39660067
 4090.58979598 4091.20817595 4092.14895743 4092.45867006 4092.72346581
 4093.11729691 4093.43187502 4093.95993475 4094.14533067 4094.29843052
 4094.5463602  4094.70230696 4094.88988645 4094.79554627 4095.08356303
 4095.32316341 4095.34156158 4095.46767265 4095.45246135 4095.54145351
 4095.60200154 4095.66359533 4095.71014046 4095.75663696 4095.73364111
 4095.77717922 4095.80786188 4095.84804749 4095.91296125 4095.78604064
 4095.88990256 4095.90189005 4095.93333236 4095.91211492 4095.93186059
 4095.90931649 4095.93991703 4095.94183629 4095.96029019 4095.95513465
 4095.97244284 4095.96775294 4095.98462975 4095.97582265 4095.97818608
 4095.97730785 4095.98487749 4095.98399579 4095.98508955 4095.98908549]

Run time=3514.0186371803284
\pm J random coupling
n=5,ncutoff=6,kT_num=20,sample_num=16
[4.         4.14862018 4.30276234 4.46263167 4.62844095 4.80041088
 4.97877036 5.16375679 5.3556164  5.55460457 5.76098615 5.97503585
 6.19703857 6.42728981 6.66609605 6.91377515 7.17065677 7.43708284
 7.71340798 8.        ]
[ -6184.91739376  -6378.12250229  -6579.65294724  -6789.89599621
  -7009.4194007   -7238.2036071   -7476.13755799  -7724.37165847
  -7982.83106062  -8251.69929789  -8531.83578554  -8823.06861233
  -9126.02684132  -9441.25128574  -9769.01639055 -10109.7467438
 -10463.85760729 -10831.92433476 -11214.42782219 -11611.80106216]

[1003.27445361  968.89189916  935.21260726  902.47604256  871.94750592
  842.27150921  811.79657053  783.85752343  756.65059006  729.62768084
  704.67597576  679.62555609  655.46883199  632.60305469  610.52919603
  589.01447969  568.03750882  547.92109797  528.58994071  509.78098699]
  
[3838.39632324 3857.47192142 3877.24098185 3882.41895514 3907.38746177
 3917.71882436 3924.94568252 3943.16751861 3956.49025854 3957.98054535
 4075.7915779  3980.78024296 3943.72698291 3995.4718351  4007.77747179
 4013.96299926 4016.17819661 4020.68879579 4027.1180301  4029.57698403]
 
Run time=7868.32656288147
n=5,ncutoff=6,kT_num=30,sample_num=24
[5.         5.0583503  5.11738156 5.17710171 5.23751881 5.29864097
 5.36047643 5.42303352 5.48632065 5.55034635 5.61511923 5.68064801
 5.74694152 5.81400868 5.88185851 5.95050016 6.01994286 6.09019596
 6.16126891 6.2331713  6.30591279 6.37950317 6.45395236 6.52927038
 6.60546736 6.68255357 6.76053938 6.83943528 6.91925191 7.        ]
[ -7504.6335917   -7582.90546945  -7662.10411368  -7742.27124232
  -7823.57181177  -7906.03456782  -7989.37077731  -8073.81951377
  -8159.3162258   -8246.0863493   -8333.77216789  -8422.70840529
  -8512.65602802  -8603.87332     -8696.16550818  -8789.64668091
  -8884.35984151  -8980.21620531  -9077.18729716  -9175.5121773
  -9275.01072724  -9375.80424241  -9477.83188288  -9581.1487619
  -9685.7229003   -9791.55078782  -9898.78388228 -10007.33385039
 -10117.26572968 -10228.49512259]
[808.76623721 799.92665492 790.8673004  781.69950265 772.99445453
 764.7613266  755.92258439 747.30582614 738.67191138 730.7717795
 722.25163112 714.30926531 705.9775344  698.22547076 690.25549174
 682.49409681 674.92012691 667.294403   659.36600779 652.06731963
 644.57023584 637.39383192 630.15144437 623.08140073 615.90419857
 608.66127571 601.86045575 595.02674807 588.45967533 581.68811026]
[3931.64640758 3938.37875095 3941.06534124 3940.4882139  3945.52230087
 3944.97453305 3955.95552071 3957.55427081 3957.64600398 3967.2217979
 3965.9084206  3972.0596836  3970.64164998 3977.22430537 3978.62331349
 3943.6241049  3987.3689798  3989.99351308 3986.00201474 3991.76232269
 3991.67479288 3996.75779108 3998.69860972 4005.62705257 4002.30813135
 3999.22783858 4004.12116387 4005.67845376 4011.93699154 4012.04474477]
 
Run time=5216.92940735817
n=5,ncutoff=6,kT_num=20,sample_num=24
[3.         3.08175071 3.16572915 3.25199601 3.34061368 3.43164619
 3.52515936 3.62122079 3.71989991 3.82126806 3.92539852 4.03236656
 4.1422495  4.25512678 4.37107999 4.49019296 4.61255178 4.73824491
 4.8673632  5.        ]
[-4928.89150002 -5027.81082653 -5129.63803981 -5236.51485363
 -5346.33884488 -5459.69196518 -5577.63146812 -5698.91769624
 -5824.47676366 -5954.38076199 -6088.60075321 -6226.77095532
 -6369.81585423 -6517.35896488 -6669.50873139 -6826.56280276
 -6988.38573252 -7155.13568226 -7327.32437712 -7504.60548018]
[1315.51777539 1283.18372259 1249.19868109 1221.1617425  1190.83540936
 1159.88819176 1132.31973271 1102.83450309 1074.9507007  1048.11859395
 1022.45134766  995.19241603  970.35199628  945.77600407  921.54344043
  898.90544287  874.97507601  851.84397714  830.32268466  808.6294881 ]
[3280.77311083 3772.71941503 3669.31197201 3682.56779076 4221.97393519
 3794.98081431 3721.62762372 3774.48945078 3795.86692258 3814.14666301
 2902.66003025 3838.56996541 3857.70233448 3872.16711149 3884.41877703
 1768.29882645 3905.85003945 3909.12500134 3924.17211306 3929.2906544 ]

Run time=5234.904882907867
n=5,ncutoff=6,kT_num=20,sample_num=24
[3.         3.08175071 3.16572915 3.25199601 3.34061368 3.43164619
 3.52515936 3.62122079 3.71989991 3.82126806 3.92539852 4.03236656
 4.1422495  4.25512678 4.37107999 4.49019296 4.61255178 4.73824491
 4.8673632  5.        ]
[-4928.88837941 -5027.69187405 -5130.17954746 -5236.4503222
 -5346.30548346 -5459.51815997 -5577.18919007 -5698.88260697
 -5824.38112614 -5954.69050528 -6087.94374039 -6226.9985168
 -6369.68556977 -6517.16801279 -6669.53359208 -6826.55769553
 -6988.12988953 -7155.39472132 -7327.3079545  -7504.68513579]
[1315.34985538 1282.72824264 1251.33016968 1220.83836249 1190.54524019
 1159.16308015 1130.66845294 1102.72695077 1074.4391578  1049.30883224
 1019.5971953   996.0634739   969.84524098  945.02590661  921.62760823
  898.29922241  874.23417565  852.820847    830.29450121  808.95691372]
[3606.36949221 3665.68503651 3730.04360536 3698.38851194 5062.45893369
 3822.8262459  5340.96946075 3776.76054968 3788.27223591 3826.67528348
 3807.62098705 3848.62009292 3843.45577442 3863.05775498 3885.01428753
 3771.57415646 3103.62905888 3922.04235532 3923.80167492 3934.35982839]
