Run time=3333.333416700363
n=5,ncutoff=6,kT_num=8,sample_num=32
[1.5        1.65613427 1.82852048 2.01885029 2.22899143 2.46100607
 2.71717099 3.        ]

[-3381.00201661 -3504.358307   -3656.27633876 -3837.10265834
 -4051.24702823 -4302.64603966 -4593.96426966 -4928.50075309]

[2258.31998569 2125.38499707 1991.31699014 1846.98955882 1706.8673079
 1570.42299959 1438.86616704 1313.94211181]
 
[   533.25595057 -10890.58350345   1940.15645252   9158.53816781
   3852.98535319    801.95073243   3354.95718152   3613.06507817]
